0.000000000000000000e+00 -5.474679939228743741e-01 1.048087384609376782e+00
5.025125628140703765e-02 -5.781466131068715431e-01 1.047095806827387676e+00
1.005025125628140753e-01 -6.087748105831077838e-01 1.046547501329446517e+00
1.507537688442210921e-01 -6.391576709470885298e-01 1.046070255596325271e+00
2.010050251256281506e-01 -6.690748383711689895e-01 1.045236928105183427e+00
2.512562814070351536e-01 -6.982782422432166625e-01 1.043583029402091356e+00
3.015075376884421843e-01 -7.264896633064441556e-01 1.040630983408494137e+00
3.517587939698492705e-01 -7.533981487566681068e-01 1.035922057014444952e+00
4.020100502512563012e-01 -7.786583782130229725e-01 1.029056570696416317e+00
4.522613065326633319e-01 -8.018936998438959129e-01 1.019736649743907098e+00
5.025125628140703071e-01 -8.227022264715048161e-01 1.007800144812512455e+00
5.527638190954773378e-01 -8.406632425707341039e-01 9.932412684186984198e-01
6.030150753768843686e-01 -8.553438147245835399e-01 9.762170096612549086e-01
6.532663316582915103e-01 -8.663057543353511747e-01 9.570384454709515154e-01
7.035175879396985410e-01 -8.731130873428513128e-01 9.361459666433298299e-01
7.537688442211055717e-01 -8.753401932404165642e-01 9.140677641538210718e-01
8.040201005025126024e-01 -8.725807849791092918e-01 8.913622042165173509e-01
8.542713567839196331e-01 -8.644579124969127282e-01 8.685474520875736681e-01
9.045226130653266639e-01 -8.506351857034696318e-01 8.460260614186446704e-01
9.547738693467336946e-01 -8.308294279097641066e-01 8.240177151022258784e-01
1.005025125628140614e+00 -8.048249880498312692e-01 8.025184868318030462e-01
1.055276381909547645e+00 -7.724899592285410233e-01 7.813079892064827003e-01
1.105527638190954676e+00 -7.337942659362943765e-01 7.600264446863465029e-01
1.155778894472361706e+00 -6.888273670444160501e-01 7.383478540064607465e-01
1.206030150753768737e+00 -6.378138463869253982e-01 7.162565383051442414e-01
1.256281407035175990e+00 -5.811606617518202400e-01 6.943441065622539821e-01
1.306532663316583021e+00 -5.195585703506659936e-01 6.738281439941915529e-01
1.356783919597990051e+00 -4.539540768273510052e-01 6.563213762724856570e-01
1.407035175879397082e+00 -3.854773958216068941e-01 6.435205106250208029e-01
1.457286432160804113e+00 -3.153734161404940783e-01 6.368455949664648674e-01
1.507537688442211143e+00 -2.449348860314070342e-01 6.370892745811508329e-01
1.557788944723618174e+00 -1.754366134825510459e-01 6.441742194155664070e-01
1.608040201005025205e+00 -1.080694865863733173e-01 6.571043849899236289e-01
1.658291457286432236e+00 -4.387311767851691247e-02 6.741204396910109864e-01
1.708542713567839266e+00 1.633409879935851516e-02 6.929878685203911814e-01
1.758793969849246297e+00 7.202875107942571797e-02 7.113222823032244735e-01
1.809045226130653328e+00 1.230612729343511236e-01 7.268927607972155425e-01
1.859296482412060358e+00 1.697412322307620125e-01 7.378962213251500923e-01
1.909547738693467389e+00 2.129205119390193135e-01 7.432277425225886081e-01
1.959798994974874420e+00 2.537862185395591830e-01 7.427179271230163193e-01
2.010050251256281229e+00 2.933573584550553948e-01 7.370561274480535996e-01
2.060301507537688259e+00 3.324619513736976062e-01 7.274737062283762601e-01
2.110552763819095290e+00 3.718251884196443480e-01 7.154722890594990004e-01
2.160804020100502321e+00 4.120975647540106035e-01 7.026337214761442240e-01
2.211055276381909351e+00 4.538444841087702075e-01 6.904864103041915557e-01
2.261306532663316382e+00 4.975316693696150150e-01 6.804011853681989352e-01
2.311557788944723413e+00 5.435090291767746828e-01 6.735078378484136152e-01
2.361809045226130443e+00 5.919926956112663285e-01 6.706313271011706822e-01
2.412060301507537474e+00 6.430449293055806592e-01 6.722515494498331190e-01
2.462311557788944505e+00 6.965515712329082287e-01 6.784916264117329954e-01
2.512562814070351980e+00 7.522000475339848391e-01 6.891372858294608772e-01
2.562814070351759010e+00 8.094886011997249886e-01 7.036922248420787174e-01
2.613065326633166041e+00 8.677783417174800284e-01 7.214601841660869264e-01
2.663316582914573072e+00 9.263523050353306143e-01 7.416238554856181553e-01
2.713567839195980103e+00 9.844735905378845242e-01 7.633042858470816538e-01
2.763819095477387133e+00 1.041443302967478779e+00 7.855973098732222937e-01
2.814070351758794164e+00 1.096648953723239117e+00 8.075962610444508138e-01
2.864321608040201195e+00 1.149573762378248931e+00 8.284236054479408029e-01
2.914572864321608225e+00 1.199783780021433710e+00 8.472697904035128014e-01
2.964824120603015256e+00 1.246915245102926173e+00 8.634285246313903039e-01
3.015075376884422287e+00 1.290663744263538915e+00 8.763265602477857685e-01
3.065326633165829318e+00 1.330775055280857710e+00 8.855479582618419609e-01
3.115577889447236348e+00 1.367037569036424705e+00 8.908533819420230149e-01
3.165829145728643379e+00 1.399276206623584429e+00 8.921949759953600179e-01
3.216080402010050410e+00 1.427347766240321780e+00 8.897269803754646045e-01
3.266331658291457440e+00 1.451137652510245957e+00 8.838114690721915467e-01
3.316582914572864471e+00 1.470557958508835306e+00 8.750175223274796465e-01
3.366834170854271502e+00 1.485546888199408500e+00 8.641107755910006905e-01
3.417085427135678533e+00 1.496069524361314018e+00 8.520288136310673055e-01
3.467336683417085563e+00 1.502119964578701339e+00 8.398367725498655512e-01
3.517587939698492594e+00 1.503724865250870124e+00 8.286577170251093749e-01
3.567839195979899625e+00 1.500947898787736268e+00 8.195766569227135312e-01
3.618090452261306655e+00 1.493889420538289770e+00 8.135390638084862847e-01
3.668341708542713686e+00 1.482678507631668863e+00 8.112714792155479859e-01
3.718592964824120717e+00 1.467464393227757347e+00 8.132252559776944612e-01
3.768844221105527748e+00 1.448409104892063093e+00 8.195491400579719699e-01
3.819095477386934778e+00 1.425681195019600445e+00 8.300956278548657918e-01
3.869346733668341809e+00 1.399450440618503544e+00 8.444586041352961647e-01
3.919597989949748840e+00 1.369883403250451215e+00 8.620327513500805061e-01
3.969849246231155870e+00 1.337139752223141187e+00 8.820818256219271625e-01
4.020100502512562457e+00 1.301369265355418747e+00 9.038039605544596622e-01
4.070351758793969488e+00 1.262709431894447842e+00 9.263861779837220256e-01
4.120603015075376518e+00 1.221283591554605419e+00 9.490449199493898869e-01
4.170854271356783549e+00 1.177199552260169479e+00 9.710529908758658291e-01
4.221105527638190580e+00 1.130548637092186892e+00 9.917552685906576571e-01
4.271356783919597611e+00 1.081405118241963503e+00 1.010576162624227115e+00
4.321608040201004641e+00 1.029826002531610829e+00 1.027021600174524263e+00
4.371859296482411672e+00 9.758511393433551007e-01 1.040677773438891673e+00
4.422110552763818703e+00 9.195036276668747677e-01 1.051208281695819258e+00
4.472361809045225733e+00 8.607905044868412459e-01 1.058350787012051653e+00
4.522613065326632764e+00 7.997037019466005647e-01 1.061913914766855926e+00
4.572864321608039795e+00 7.362212656915021469e-01 1.061774861673529191e+00
4.623115577889446826e+00 6.703088315664520458e-01 1.057877999283447501e+00
4.673366834170853856e+00 6.019213624652861583e-01 1.050234652190602080e+00
4.723618090452260887e+00 5.310051516500993163e-01 1.038924162235021376e+00
4.773869346733667918e+00 4.575001033220466029e-01 1.024096300791290215e+00
4.824120603015074948e+00 3.813423056745093853e-01 1.005975039046492991e+00
4.874371859296481979e+00 3.024669161381765559e-01 9.848636058924844505e-01
4.924623115577889010e+00 2.208113830779509512e-01 9.611506212446316866e-01
4.974874371859296041e+00 1.363190328659860118e-01 9.353168424305624562e-01
5.025125628140703959e+00 4.894305607665516700e-02 9.079416395534050110e-01
5.075376884422110990e+00 -4.134906842924512826e-02 8.797076480292681522e-01
5.125628140703518021e+00 -1.345706674977795725e-01 8.514010739230571945e-01
5.175879396984925052e+00 -2.307104361634763068e-01 8.239038772403288746e-01
5.226130653266332082e+00 -3.297264131375696739e-01 7.981727801499258756e-01
5.276381909547739113e+00 -4.315393075427915726e-01 7.751994055732628341e-01
5.326633165829146144e+00 -5.360251084196239191e-01 7.559470361226476864e-01
5.376884422110553174e+00 -6.430069013231107800e-01 7.412639024502913898e-01
5.427135678391960205e+00 -7.522458085766599023e-01 7.317810731123890466e-01
5.477386934673367236e+00 -8.634309613889088464e-01 7.278128335949702876e-01
5.527638190954774267e+00 -9.761684030086759112e-01 7.292836162360639696e-01
5.577889447236181297e+00 -1.089968812322479774e+00 7.357023463610598002e-01
5.628140703517588328e+00 -1.204233926717032110e+00 7.461917271938069973e-01
5.678391959798995359e+00 -1.318241531557226009e+00 7.595631672444810301e-01
5.728643216080402389e+00 -1.431128871185322726e+00 7.744172088366253481e-01
5.778894472361809420e+00 -1.541874517904954889e+00 7.892490622685743862e-01
5.829145728643216451e+00 -1.649290281551846205e+00 8.025464902358230290e-01
5.879396984924623482e+00 -1.752060177993295609e+00 8.128740475198779070e-01
5.929648241206030512e+00 -1.848808737240597910e+00 8.189419781938642728e-01
5.979899497487437543e+00 -1.938171736256465882e+00 8.196703567717774641e-01
6.030150753768844574e+00 -2.018868337515629552e+00 8.142663675890713382e-01
6.080402010050251604e+00 -2.089775942690629051e+00 8.023348496646697248e-01
6.130653266331658635e+00 -2.150029707249898170e+00 7.840283013714273164e-01
6.180904522613065666e+00 -2.199376734122382437e+00 7.600513104395490993e-01
6.231155778894472697e+00 -2.238577692945934672e+00 7.315513346668252037e-01
6.281407035175879727e+00 -2.269341302188681464e+00 7.002211012071019036e-01
6.331658291457286758e+00 -2.293384739943713502e+00 6.683470626365888290e-01
6.381909547738693789e+00 -2.311971009160346480e+00 6.386176854456890872e-01
6.432160804020100819e+00 -2.325981231234421465e+00 6.138056825667489447e-01
6.482412060301507850e+00 -2.336003807613318273e+00 5.963309953061470825e-01
6.532663316582914881e+00 -2.342420191862624179e+00 5.877543731604130128e-01
6.582914572864321912e+00 -2.345485604971634164e+00 5.883699187708729683e-01
6.633165829145728942e+00 -2.345363015489515313e+00 5.971117314882815608e-01
6.683417085427135973e+00 -2.342074303701822569e+00 6.118514440739829530e-01
6.733668341708543004e+00 -2.335427586220743201e+00 6.299318294747867641e-01
6.783919597989950034e+00 -2.324941798756853917e+00 6.487091512809480820e-01
6.834170854271357065e+00 -2.309768055050842150e+00 6.659710500389511845e-01
6.884422110552764096e+00 -2.288719195778558646e+00 6.802059586921587186e-01
6.934673366834171127e+00 -2.260779067050240787e+00 6.906563597684152178e-01
6.984924623115578157e+00 -2.225349404895737404e+00 6.971630330604430270e-01
7.035175879396985188e+00 -2.182186794960566445e+00 6.999981955776001241e-01
7.085427135678392219e+00 -2.131334373838470686e+00 6.997374091624957160e-01
7.135678391959799249e+00 -2.073059608053437586e+00 6.971594904767247636e-01
7.185929648241206280e+00 -2.007797137432773660e+00 6.931599820035220239e-01
7.236180904522613311e+00 -1.936095726464364120e+00 6.886661381462821918e-01
7.286432160804020342e+00 -1.858568414364489829e+00 6.845466806057816100e-01
7.336683417085427372e+00 -1.775844899250231590e+00 6.815173596389891841e-01
7.386934673366834403e+00 -1.688522991485354341e+00 6.800590475232828336e-01
7.437185929648241434e+00 -1.597114573594542009e+00 6.803741304464646644e-01
7.487437185929648464e+00 -1.501988830499317196e+00 6.823773809965524295e-01
7.537688442211055495e+00 -1.403316038920247477e+00 6.857156631250946877e-01
7.587939698492462526e+00 -1.301040363996992744e+00 6.898237879589402821e-01
7.638190954773869557e+00 -1.194907320534185802e+00 6.940177788359408462e-01
7.688442211055276587e+00 -1.084505060044231195e+00 6.975959267178613032e-01
7.738693467336683618e+00 -9.693042954377745213e-01 6.999275560575509703e-01
7.788944723618090649e+00 -8.486971507113379998e-01 7.005212993678073818e-01
7.839195979899497679e+00 -7.220355650498508915e-01 6.990704877193659739e-01
7.889447236180904710e+00 -5.886698796587088722e-01 6.954764397747110749e-01
7.939698492462311741e+00 -4.479882407679540712e-01 6.898513331933642245e-01
7.989949748743718771e+00 -2.994574636656246458e-01 6.825019210792019342e-01
8.040201005025124914e+00 -1.426660204237564233e-01 6.738946955921600868e-01
8.090452261306532833e+00 2.263016166554154829e-02 6.646032093453735357e-01
8.140703517587938975e+00 1.964583728168589616e-01 6.552400021736985991e-01
8.190954773869346894e+00 3.785755083888078243e-01 6.463794266539303335e-01
8.241206030150753037e+00 5.684093697212933005e-01 6.384832276738050538e-01
8.291457286432160956e+00 7.649940232996426115e-01 6.318462555735540054e-01
8.341708542713567098e+00 9.668983020697862196e-01 6.265822314807503179e-01
8.391959798994975017e+00 1.172146462792222454e+00 6.226661529503039194e-01
8.442211055276381160e+00 1.378129934186538730e+00 6.200394834155498192e-01
8.492462311557789079e+00 1.581521607392589290e+00 6.187648622645589569e-01
8.542713567839195221e+00 1.778576403495361724e+00 6.190913984118197044e-01
8.592964824120603140e+00 1.965848534363752176e+00 6.211860659713348554e-01
8.643216080402009283e+00 2.140277808313991947e+00 6.248323584151218579e-01
8.693467336683417201e+00 2.299114717033293953e+00 6.293060069080855801e-01
8.743718592964823344e+00 2.439852487728359165e+00 6.334399245406817647e-01
8.793969849246231263e+00 2.560174795775273626e+00 6.358513316111804592e-01
8.844221105527637405e+00 2.658111960290690856e+00 6.352183840710893259e-01
8.894472361809045324e+00 2.732336606146712921e+00 6.304716053847454482e-01
8.944723618090451467e+00 2.782185881112403614e+00 6.210574713697342153e-01
8.994974874371859386e+00 2.807597393265637287e+00 6.073697163367354213e-01
9.045226130653265528e+00 2.808885716874127692e+00 5.910686688495456753e-01
9.095477386934673447e+00 2.786629571955940854e+00 5.748958050979304790e-01
9.145728643216079590e+00 2.741676234106010135e+00 5.622566024476470803e-01
9.195979899497487509e+00 2.675157355439715889e+00 5.566346125719390248e-01
9.246231155778893651e+00 2.588512422500332200e+00 5.608341728075623145e-01
9.296482412060301570e+00 2.483520110097304112e+00 5.762569999723222702e-01
9.346733668341707713e+00 2.362337880416596647e+00 6.025672654538616335e-01
9.396984924623115631e+00 2.227550270080396189e+00 6.379304419618456734e-01
9.447236180904521774e+00 2.082226404925131114e+00 6.796391190109459801e-01
9.497487437185929693e+00 1.929987383933501555e+00 7.247729066912516060e-01
9.547738693467335835e+00 1.775083699203523935e+00 7.706761609141827840e-01
9.597989949748743754e+00 1.622222263280790777e+00 8.152454847345176336e-01
9.648241206030149897e+00 1.475298854083402444e+00 8.570322470891226230e-01
9.698492462311557816e+00 1.336735453283229624e+00 8.950182051606332401e-01
9.748743718592963958e+00 1.207505144435664590e+00 9.283994552299265068e-01
9.798994974874371877e+00 1.087346039986522683e+00 9.565687404654850123e-01
9.849246231155778020e+00 9.756270754330254036e-01 9.793157353988727332e-01
9.899497487437185939e+00 8.717581183292619773e-01 9.968178413384591874e-01
9.949748743718592081e+00 7.751970438809747677e-01 1.009517949440946305e+00
1.000000000000000000e+01 6.854451925612129459e-01 1.018029160938179967e+00
