0.000000000000000000e+00 -6.098312989803111872e-01 3.657336734263461508e+00
5.025125628140703765e-02 -6.106092675385959012e-01 3.638100386559343313e+00
1.005025125628140753e-01 -6.077472263300717215e-01 3.616497722637063372e+00
1.507537688442210921e-01 -6.007605232742845303e-01 3.592811224979778117e+00
2.010050251256281506e-01 -5.891207795119782764e-01 3.567525771110325206e+00
2.512562814070351536e-01 -5.722527965355884705e-01 3.541363552356960653e+00
3.015075376884421843e-01 -5.495313004036460613e-01 3.515309096168255820e+00
3.517587939698492705e-01 -5.202797846880889976e-01 3.490607609928463972e+00
4.020100502512563012e-01 -4.838260205943177850e-01 3.468581286331223090e+00
4.522613065326633319e-01 -4.396047363290552235e-01 3.450259595996013395e+00
5.025125628140703071e-01 -3.871770648659568215e-01 3.436198536379298396e+00
5.527638190954773378e-01 -3.262331780700154504e-01 3.426390961494461429e+00
6.030150753768843686e-01 -2.565977983565684295e-01 3.420240206804062044e+00
6.532663316582915103e-01 -1.782387261942544876e-01 3.416605357628212936e+00
7.035175879396985410e-01 -9.127851646512646910e-02 3.413918377288370554e+00
7.537688442211055717e-01 3.990529029164573138e-03 3.410366663444511115e+00
8.040201005025126024e-01 1.070878497869271473e-01 3.404131006394720327e+00
8.542713567839196331e-01 2.173223547242628950e-01 3.393668249065275866e+00
9.045226130653266639e-01 3.337661094936330564e-01 3.378028075932829388e+00
9.547738693467336946e-01 4.552236599376796589e-01 3.357190254248837658e+00
1.005025125628140614e+00 5.801966234015221158e-01 3.332396453754458143e+00
1.055276381909547645e+00 7.068432657136006769e-01 3.306421877801257292e+00
1.105527638190954676e+00 8.329540290948496128e-01 3.283654179910074689e+00
1.155778894472361706e+00 9.559858429675073266e-01 3.269703826649928313e+00
1.206030150753768737e+00 1.073077841580334590e+00 3.270099535551785674e+00
1.256281407035175990e+00 1.179403841723156265e+00 3.283876789911259753e+00
1.306532663316583021e+00 1.269196174123175203e+00 3.304515700027256475e+00
1.356783919597990051e+00 1.338091284164364403e+00 3.325605262928019723e+00
1.407035175879397082e+00 1.383129635482553965e+00 3.341725131180328656e+00
1.457286432160804113e+00 1.402699373758756751e+00 3.348745279909224326e+00
1.507537688442211143e+00 1.396504184759012279e+00 3.343915694150618734e+00
1.557788944723618174e+00 1.365555001386047573e+00 3.325907006017567724e+00
1.608040201005025205e+00 1.312185462506018530e+00 3.294898424650151814e+00
1.658291457286432236e+00 1.240091273471791267e+00 3.252754092143706366e+00
1.708542713567839266e+00 1.154393866596782781e+00 3.203274286585418018e+00
1.758793969849246297e+00 1.061729011362102959e+00 3.152433847645491394e+00
1.809045226130653328e+00 9.703612809092239111e-01 3.108405814371002940e+00
1.859296482412060358e+00 8.903255454618247411e-01 3.081015082769278823e+00
1.909547738693467389e+00 8.324496999714627865e-01 3.079361504014820561e+00
1.959798994974874420e+00 7.973515275932634427e-01 3.101840224527088186e+00
2.010050251256281229e+00 7.802927907665839768e-01 3.139862784262002826e+00
2.060301507537688259e+00 7.784699415742657447e-01 3.185272164420040131e+00
2.110552763819095290e+00 7.903487702455459507e-01 3.231770931667997448e+00
2.160804020100502321e+00 8.143718899017444723e-01 3.275186227971341513e+00
2.211055276381909351e+00 8.487054853750634065e-01 3.313173747168574934e+00
2.261306532663316382e+00 8.912109614670600255e-01 3.344747325105661417e+00
2.311557788944723413e+00 9.394114463839642326e-01 3.369806191431545805e+00
2.361809045226130443e+00 9.904524387092534798e-01 3.388740106068518276e+00
2.412060301507537474e+00 1.041056215015989883e+00 3.402144278733369553e+00
2.462311557788944505e+00 1.087470625561276494e+00 3.410650925188322802e+00
2.512562814070351980e+00 1.125654635058334518e+00 3.414872064475097613e+00
2.562814070351759010e+00 1.152291243011244193e+00 3.415393381192209254e+00
2.613065326633166041e+00 1.165243264659666655e+00 3.412715024473441439e+00
2.663316582914573072e+00 1.163537188699468761e+00 3.407220016406610430e+00
2.713567839195980103e+00 1.147353039649924744e+00 3.399218081388826640e+00
2.763819095477387133e+00 1.118010057378427735e+00 3.389066292071371223e+00
2.814070351758794164e+00 1.077465685748843160e+00 3.377384296900542981e+00
2.864321608040201195e+00 1.027506621750701843e+00 3.365177755617184907e+00
2.914572864321608225e+00 9.696491938047626657e-01 3.353733891396216915e+00
2.964824120603015256e+00 9.051765110088783040e-01 3.344467438460167585e+00
3.015075376884422287e+00 8.351730946245181642e-01 3.338761035079502282e+00
3.065326633165829318e+00 7.605572613553461814e-01 3.337813551621479746e+00
3.115577889447236348e+00 6.821116487820779728e-01 3.342508725380902046e+00
3.165829145728643379e+00 6.005122579120798498e-01 3.353315484604345365e+00
3.216080402010050410e+00 5.163563757148189604e-01 3.370229105574497286e+00
3.266331658291457440e+00 4.301897316605391985e-01 3.392758405024919099e+00
3.316582914572864471e+00 3.425332365993843942e-01 3.419959086517549984e+00
3.366834170854271502e+00 2.539096497743440484e-01 3.450508389635767337e+00
3.417085427135678533e+00 1.648705203413931009e-01 3.482812627667340788e+00
3.467336683417085563e+00 7.602375348366149921e-02 3.515137725472421426e+00
3.517587939698492594e+00 -1.193796141209510497e-02 3.545753367277865387e+00
3.567839195979899625e+00 -9.824924279525784621e-02 3.573114155303235062e+00
3.618090452261306655e+00 -1.822472435903914056e-01 3.596111197341400612e+00
3.668341708542713686e+00 -2.634496983434631012e-01 3.614110480388377677e+00
3.718592964824120717e+00 -3.415325898999646004e-01 3.626867066517022398e+00
3.768844221105527748e+00 -4.163071010101783709e-01 3.634440644577447088e+00
3.819095477386934778e+00 -4.876991501334226320e-01 3.637120938234923440e+00
3.869346733668341809e+00 -5.557312304281342152e-01 3.635364434494663399e+00
3.919597989949748840e+00 -6.205062957702404125e-01 3.629742108293115166e+00
3.969849246231155870e+00 -6.821934601075043680e-01 3.620896995557954412e+00
4.020100502512562457e+00 -7.410152967210494879e-01 3.609510182541449730e+00
4.070351758793969488e+00 -7.972365421980641687e-01 3.596273774257354727e+00
4.120603015075376518e+00 -8.511540262778960475e-01 3.581869531115371430e+00
4.170854271356783549e+00 -9.030876633584711266e-01 3.566952039645584271e+00
4.221105527638190580e+00 -9.533723544686981688e-01 3.552135469125953904e+00
4.271356783919597611e+00 -1.002350660040819630e+00 3.537983141346095817e+00
4.321608040201004641e+00 -1.050366113957479364e+00 3.524999297547805721e+00
4.371859296482411672e+00 -1.097757058194569257e+00 3.513622582384698934e+00
4.422110552763818703e+00 -1.144850885014528696e+00 3.504220879760983731e+00
4.472361809045225733e+00 -1.191958580158644310e+00 3.497087230935961522e+00
4.522613065326632764e+00 -1.239369465904526901e+00 3.492436643030394805e+00
4.572864321608039795e+00 -1.287346047251353820e+00 3.490403658005907239e+00
4.623115577889446826e+00 -1.336118867917696740e+00 3.491040600569896846e+00
4.673366834170853856e+00 -1.385881285324018775e+00 3.494316460951119474e+00
4.723618090452260887e+00 -1.436784075315946652e+00 3.500116398224117464e+00
4.773869346733667918e+00 -1.488929778090215095e+00 3.508241875389585207e+00
4.824120603015074948e+00 -1.542366696630242284e+00 3.518411462586600535e+00
4.874371859296481979e+00 -1.597082457954070112e+00 3.530262373549863497e+00
4.924623115577889010e+00 -1.652997045628389117e+00 3.543352836531560968e+00
4.974874371859296041e+00 -1.709955209306698087e+00 3.557165447897487898e+00
5.025125628140703959e+00 -1.767718153498929912e+00 3.571111717645240713e+00
5.075376884422110990e+00 -1.825954403359886902e+00 3.584538094033747235e+00
5.125628140703518021e+00 -1.884229739972586692e+00 3.596733852007653720e+00
5.175879396984925052e+00 -1.941996091373515476e+00 3.606941349665185204e+00
5.226130653266332082e+00 -1.998579258384644008e+00 3.614369300919609618e+00
5.276381909547739113e+00 -2.053165346141147207e+00 3.618209882170360103e+00
5.326633165829146144e+00 -2.104785762986145947e+00 3.617660685317176217e+00
5.376884422110553174e+00 -2.152300638088537443e+00 3.611952742360758695e+00
5.427135678391960205e+00 -2.194380497664575547e+00 3.600386059857142218e+00
5.477386934673367236e+00 -2.229486026977173019e+00 3.582374272833766415e+00
5.527638190954774267e+00 -2.255845731269730869e+00 3.557500071123041785e+00
5.577889447236181297e+00 -2.271431293375759886e+00 3.525582799398688572e+00
5.628140703517588328e+00 -2.273930408834016426e+00 3.486758778697690353e+00
5.678391959798995359e+00 -2.260716860824901531e+00 3.441572907115110436e+00
5.728643216080402389e+00 -2.228817577008940898e+00 3.391076097329203343e+00
5.778894472361809420e+00 -2.174902009225466060e+00 3.336912439925590501e+00
5.829145728643216451e+00 -2.095857344172204595e+00 3.281300995903747797e+00
5.879396984924623482e+00 -1.989799159850590637e+00 3.226933867503851694e+00
5.929648241206030512e+00 -1.856244961125205206e+00 3.176983608437817796e+00
5.979899497487437543e+00 -1.696129525632210866e+00 3.135099395566812497e+00
6.030150753768844574e+00 -1.511845813349248058e+00 3.105272935367544118e+00
6.080402010050251604e+00 -1.307312228347361049e+00 3.091425431360198317e+00
6.130653266331658635e+00 -1.089808679809500802e+00 3.095718758701007545e+00
6.180904522613065666e+00 -8.766899896166153727e-01 3.115845956132603067e+00
6.231155778894472697e+00 -6.897074625345402943e-01 3.150398985542222974e+00
6.281407035175879727e+00 -5.404163114455637906e-01 3.196249704068310660e+00
6.331658291457286758e+00 -4.206704241982495152e-01 3.244870366721406274e+00
6.381909547738693789e+00 -3.219559645332517039e-01 3.288552424950306641e+00
6.432160804020100819e+00 -2.375740198647267043e-01 3.321629828889312464e+00
6.482412060301507850e+00 -1.625619804890554576e-01 3.340553962241402441e+00
6.532663316582914881e+00 -9.363888822392585354e-02 3.343768364507746949e+00
6.582914572864321912e+00 -2.892734506980243481e-02 3.331586966312472864e+00
6.633165829145728942e+00 3.370963212366939743e-02 3.306141985447228926e+00
6.683417085427135973e+00 9.779255303260914189e-02 3.271289097180866801e+00
6.733668341708543004e+00 1.683162297212383862e-01 3.232420898372154294e+00
6.783919597989950034e+00 2.518067106896322294e-01 3.196107423461421959e+00
6.834170854271357065e+00 3.563330602381031831e-01 3.169358412491605215e+00
6.884422110552764096e+00 4.847952377272846114e-01 3.156401378166424188e+00
6.934673366834171127e+00 6.291811561625300087e-01 3.156204298583830337e+00
6.984924623115578157e+00 7.817041205723223030e-01 3.166346861698883686e+00
7.035175879396985188e+00 9.360040964360067939e-01 3.184047285121017534e+00
7.085427135678392219e+00 1.087016255209708238e+00 3.206517091697595578e+00
7.135678391959799249e+00 1.230860316149667177e+00 3.231137462029043395e+00
7.185929648241206280e+00 1.364749453326566053e+00 3.255543744803621742e+00
7.236180904522613311e+00 1.486917734649963130e+00 3.277682267078436240e+00
7.286432160804020342e+00 1.596565248837934048e+00 3.295879941939559021e+00
7.336683417085427372e+00 1.693829515813141562e+00 3.308945279890089797e+00
7.386934673366834403e+00 1.779865857046369682e+00 3.316260369665961605e+00
7.437185929648241434e+00 1.856945464297776294e+00 3.317749983933150126e+00
7.487437185929648464e+00 1.928480794360274420e+00 3.313821261071848934e+00
7.537688442211055495e+00 1.998894898413585697e+00 3.305360341542426195e+00
7.587939698492462526e+00 2.072534784751828063e+00 3.293720694787598102e+00
7.638190954773869557e+00 2.152939520787225280e+00 3.280548296847410672e+00
7.688442211055276587e+00 2.242838770932411574e+00 3.267537707064909203e+00
7.738693467336683618e+00 2.344180490122438787e+00 3.256204277376314682e+00
7.788944723618090649e+00 2.458146039695488394e+00 3.247691728523964816e+00
7.839195979899497679e+00 2.585152809459984269e+00 3.242631204608038775e+00
7.889447236180904710e+00 2.724844306002859984e+00 3.241065624405070178e+00
7.939698492462311741e+00 2.876067542908053998e+00 3.242447933884103239e+00
7.989949748743718771e+00 3.036837442570155421e+00 3.245714370593121068e+00
8.040201005025124914e+00 3.204287830708945961e+00 3.249426087020415022e+00
8.090452261306532833e+00 3.374608472498640932e+00 3.251966579551783365e+00
8.140703517587938975e+00 3.542967462378447507e+00 3.251779243115723084e+00
8.190954773869346894e+00 3.703418137031703861e+00 3.247627962865209827e+00
8.241206030150753037e+00 3.848789531590994351e+00 3.238860986679042320e+00
8.291457286432160956e+00 3.970559241680563289e+00 3.225650000971315379e+00
8.341708542713567098e+00 4.058707387220991336e+00 3.209157211724090963e+00
8.391959798994975017e+00 4.101550196706336138e+00 3.191548657779087250e+00
8.442211055276381160e+00 4.085551541558270827e+00 3.175720795303088817e+00
8.492462311557789079e+00 3.996590223658127883e+00 3.164089945395792025e+00
8.542713567839195221e+00 3.834789761823650611e+00 3.153267357340652666e+00
8.592964824120603140e+00 3.608516173534058069e+00 3.137616312366785287e+00
8.643216080402009283e+00 3.324672226774803896e+00 3.114098513379999655e+00
8.693467336683417201e+00 2.988743102348196956e+00 3.083057362414915126e+00
8.743718592964823344e+00 2.604924580929278477e+00 3.048352892395498781e+00
8.793969849246231263e+00 2.177216181053987398e+00 3.016446044141717131e+00
8.844221105527637405e+00 1.716291852546171004e+00 2.992911536991702537e+00
8.894472361809045324e+00 1.235657968212049651e+00 2.984573456996002516e+00
8.944723618090451467e+00 7.482557511646719117e-01 3.000324705267667813e+00
8.994974874371859386e+00 2.641785318813903993e-01 3.042834506158544894e+00
9.045226130653265528e+00 -2.109865978904167383e-01 3.102476935134932390e+00
9.095477386934673447e+00 -6.720030783292944010e-01 3.168195601681132345e+00
9.145728643216079590e+00 -1.113394223201756628e+00 3.230522094148386980e+00
9.195979899497487509e+00 -1.529293233175770261e+00 3.282419945080371271e+00
9.246231155778893651e+00 -1.913288939120498577e+00 3.319434996041151997e+00
9.296482412060301570e+00 -2.258265501272669340e+00 3.339566392263130457e+00
9.346733668341707713e+00 -2.556234238941616610e+00 3.343088493565158359e+00
9.396984924623115631e+00 -2.798155698669451130e+00 3.332406052274088371e+00
9.447236180904521774e+00 -2.973749985971464227e+00 3.311917532681648346e+00
9.497487437185929693e+00 -3.071293286357539287e+00 3.287768992205710283e+00
9.547738693467335835e+00 -3.077566022308041216e+00 3.267253242755935982e+00
9.597989949748743754e+00 -2.993335463299268806e+00 3.254568666245035935e+00
9.648241206030149897e+00 -2.846200018333590265e+00 3.248034536899698121e+00
9.698492462311557816e+00 -2.665405387126996928e+00 3.246886018086512671e+00
9.748743718592963958e+00 -2.479318684245797488e+00 3.252881629449148271e+00
9.798994974874371877e+00 -2.305145056220904820e+00 3.268270962476059083e+00
9.849246231155778020e+00 -2.143225333948433065e+00 3.292565441796346803e+00
9.899497487437185939e+00 -1.992555701822127157e+00 3.324061142533911273e+00
9.949748743718592081e+00 -1.852227595384471570e+00 3.360623081863770789e+00
1.000000000000000000e+01 -1.721418151508005590e+00 3.400097657577197729e+00
