0.000000000000000000e+00 -3.045967878156783520e-02 7.205711468950508625e-01
5.025125628140703765e-02 -5.874128756209204966e-02 6.976491339549322213e-01
1.005025125628140753e-01 -8.856403445347768577e-02 6.735520303849004131e-01
1.507537688442210921e-01 -1.199205903058039174e-01 6.484207511542132707e-01
2.010050251256281506e-01 -1.527932012195741818e-01 6.224268394795807735e-01
2.512562814070351536e-01 -1.871523536385380493e-01 5.957721504504646104e-01
3.015075376884421843e-01 -2.229553211798301349e-01 5.686869696584924139e-01
3.517587939698492705e-01 -2.601445850821074157e-01 5.414259592456134307e-01
4.020100502512563012e-01 -2.986461367396622824e-01 5.142613314572703764e-01
4.522613065326633319e-01 -3.383678045605910123e-01 4.874736641018290184e-01
5.025125628140703071e-01 -3.791978290759442372e-01 4.613418527564869809e-01
5.527638190954773378e-01 -4.210037552634071645e-01 4.361330849335785520e-01
6.030150753768843686e-01 -4.636316513315411614e-01 4.120934690017421520e-01
6.532663316582915103e-01 -5.069056679038900226e-01 3.894400549287983515e-01
7.035175879396985410e-01 -5.506279591643816751e-01 3.683550167571232881e-01
7.537688442211055717e-01 -5.945789954843339054e-01 3.489826205852740171e-01
8.040201005025126024e-01 -6.385183054326201146e-01 3.314291890035137023e-01
8.542713567839196331e-01 -6.821856939654162844e-01 3.157655598605967340e-01
9.045226130653266639e-01 -7.253029930952790139e-01 3.020306104793601953e-01
9.547738693467336946e-01 -7.675764115520113950e-01 2.902335344358497604e-01
1.005025125628140614e+00 -8.086995609768009574e-01 2.803521311596276488e-01
1.055276381909547645e+00 -8.483572481492704931e-01 2.723248542772286895e-01
1.105527638190954676e+00 -8.862301321567389589e-01 2.660360267645383026e-01
1.155778894472361706e+00 -9.220002942693702463e-01 2.612963449477563871e-01
1.206030150753768737e+00 -9.553576463126376428e-01 2.578240470151855201e-01
1.256281407035175990e+00 -9.860075414246850523e-01 2.552380612057700837e-01
1.306532663316583021e+00 -1.013682714026957088e+00 2.530888820106573234e-01
1.356783919597990051e+00 -1.038157338911902761e+00 2.509198687863708477e-01
1.407035175879397082e+00 -1.059258065112531844e+00 2.483285041742844257e-01
1.457286432160804113e+00 -1.076871501139053278e+00 2.450176069044043836e-01
1.507537688442211143e+00 -1.090948291975355255e+00 2.408345284497260264e-01
1.557788944723618174e+00 -1.101503869072482322e+00 2.357992353023248278e-01
1.608040201005025205e+00 -1.108615894300752469e+00 2.301219374206203427e-01
1.658291457286432236e+00 -1.112418358792596429e+00 2.242078599874645362e-01
1.708542713567839266e+00 -1.113092237199546641e+00 2.186415256520104489e-01
1.758793969849246297e+00 -1.110852536472006769e+00 2.141374418003217928e-01
1.809045226130653328e+00 -1.105931515213605332e+00 2.114436383770368355e-01
1.859296482412060358e+00 -1.098557784314388108e+00 2.111977517551511252e-01
1.909547738693467389e+00 -1.088930999976450487e+00 2.137658483855033043e-01
1.959798994974874420e+00 -1.077197331385112422e+00 2.191319459439802775e-01
2.010050251256281229e+00 -1.063446425334119372e+00 2.269180921977294596e-01
2.060301507537688259e+00 -1.047721943107336795e+00 2.365093613635983472e-01
2.110552763819095290e+00 -1.030028791471193195e+00 2.471987851187264218e-01
2.160804020100502321e+00 -1.010337301547631350e+00 2.583011016366630330e-01
2.211055276381909351e+00 -9.885871960252063939e-01 2.692202363995541137e-01
2.261306532663316382e+00 -9.646922257723087313e-01 2.794785106241274852e-01
2.311557788944723413e+00 -9.385455772390640661e-01 2.887221297714495094e-01
2.361809045226130443e+00 -9.100261353032850220e-01 2.967150688532471658e-01
2.412060301507537474e+00 -8.790057010147738215e-01 3.033289075985411976e-01
2.462311557788944505e+00 -8.453572794504036203e-01 3.085324330302856577e-01
2.512562814070351980e+00 -8.089645318258269491e-01 3.123823946440547616e-01
2.562814070351759010e+00 -7.697317362555883280e-01 3.150153798323848675e-01
2.613065326633166041e+00 -7.275920796906085730e-01 3.166402092305991567e-01
2.663316582914573072e+00 -6.825130605831756236e-01 3.175300195533676817e-01
2.713567839195980103e+00 -6.344989493192889629e-01 3.180127405545868369e-01
2.763819095477387133e+00 -5.835903327766807092e-01 3.184582114052271762e-01
2.814070351758794164e+00 -5.298608837036089536e-01 3.192600043865361226e-01
2.864321608040201195e+00 -4.734126087079874035e-01 3.208104874434036802e-01
2.914572864321608225e+00 -4.143713451637435208e-01 3.234696211487533835e-01
2.964824120603015256e+00 -3.528829243536018012e-01 3.275308846328617851e-01
3.015075376884422287e+00 -2.891099240931713776e-01 3.331898942969185873e-01
3.065326633165829318e+00 -2.232289232996181871e-01 3.405219176613820675e-01
3.115577889447236348e+00 -1.554281766490770988e-01 3.494729812636313548e-01
3.165829145728643379e+00 -8.590563216134067259e-02 3.598659621897723482e-01
3.216080402010050410e+00 -1.486721829763643088e-02 3.714193675420202068e-01
3.266331658291457440e+00 5.747467001267148046e-02 3.837740526142534025e-01
3.316582914572864471e+00 1.309025550651046199e-01 3.965226477971718344e-01
3.366834170854271502e+00 2.051951973862468082e-01 4.092375724431523976e-01
3.417085427135678533e+00 2.801289214651980775e-01 4.214952585489183945e-01
3.467336683417085563e+00 3.554790143163493732e-01 4.328957634017205902e-01
3.517587939698492594e+00 4.310212665573357471e-01 4.430779376302087513e-01
3.567839195979899625e+00 5.065337221273069623e-01 4.517307145782984423e-01
3.618090452261306655e+00 5.817985685368768367e-01 4.586008351992826859e-01
3.668341708542713686e+00 6.566037961905266673e-01 4.634968900795889413e-01
3.718592964824120717e+00 7.307444215039984314e-01 4.662904029261059624e-01
3.768844221105527748e+00 8.040233099556652885e-01 4.669151397081976462e-01
3.819095477386934778e+00 8.762516571891053596e-01 4.653655387142975886e-01
3.869346733668341809e+00 9.472491799019391312e-01 4.616948658540573902e-01
3.919597989949748840e+00 1.016844062434810514e+00 4.560134837404268282e-01
3.969849246231155870e+00 1.084872699800492502e+00 4.484874565839645499e-01
4.020100502512562457e+00 1.151179273309845374e+00 4.393375643853565382e-01
4.070351758793969488e+00 1.215615190907446630e+00 4.288386348218265476e-01
4.120603015075376518e+00 1.278038420779075590e+00 4.173188816276525159e-01
4.170854271356783549e+00 1.338312743694708207e+00 4.051586251197231148e-01
4.221105527638190580e+00 1.396306946866873844e+00 3.927873357171858815e-01
4.271356783919597611e+00 1.451893979802896029e+00 3.806773995605300942e-01
4.321608040201004641e+00 1.504950090680777786e+00 3.693324751451552701e-01
4.371859296482411672e+00 1.555353960157531912e+00 3.592680944059055692e-01
4.422110552763818703e+00 1.602985848202315600e+00 3.509827844487483639e-01
4.472361809045225733e+00 1.647726768516420748e+00 3.449200299648685353e-01
4.522613065326632764e+00 1.689457704340777466e+00 3.414249880377600022e-01
4.572864321608039795e+00 1.728058878946145072e+00 3.407039563765994483e-01
4.623115577889446826e+00 1.763409093839924946e+00 3.427968093442177455e-01
4.673366834170853856e+00 1.795385147698369988e+00 3.475706042365875326e-01
4.723618090452260887e+00 1.823861349236980622e+00 3.547363145878142388e-01
4.773869346733667918e+00 1.848709137661919355e+00 3.638833128168110220e-01
4.824120603015074948e+00 1.869796824998630091e+00 3.745218316301195394e-01
4.874371859296481979e+00 1.886989475471648081e+00 3.861238770657149377e-01
4.924623115577889010e+00 1.900148938213915173e+00 3.981565300322610357e-01
4.974874371859296041e+00 1.909134050919617076e+00 4.101056321592008724e-01
5.025125628140703959e+00 1.913801033628507842e+00 4.214907222577160550e-01
5.075376884422110990e+00 1.914004093650589100e+00 4.318733781922453052e-01
5.125628140703518021e+00 1.909596264719412684e+00 4.408612613952546111e-01
5.175879396984925052e+00 1.900430505813221149e+00 4.481097498955756153e-01
5.226130653266332082e+00 1.886361087721638352e+00 4.533224992649626528e-01
5.276381909547739113e+00 1.867245298379649254e+00 4.562517937207700713e-01
5.326633165829146144e+00 1.842945501260912389e+00 4.566992031494302995e-01
5.376884422110553174e+00 1.813331584742310820e+00 4.545168393507691418e-01
5.427135678391960205e+00 1.778283844347067655e+00 4.496093781933498401e-01
5.477386934673367236e+00 1.737696344173751628e+00 4.419369554894196361e-01
5.527638190954774267e+00 1.691480808655300816e+00 4.315190319570277877e-01
5.577889447236181297e+00 1.639571101100905981e+00 4.184393419443508955e-01
5.628140703517588328e+00 1.581928351293591106e+00 4.028520796244937086e-01
5.678391959798995359e+00 1.518546800789945195e+00 3.849895178457202749e-01
5.728643216080402389e+00 1.449460441542662625e+00 3.651712600901472205e-01
5.778894472361809420e+00 1.374750529854893433e+00 3.438152014184590044e-01
5.829145728643216451e+00 1.294553882815795198e+00 3.214498598070396063e-01
5.879396984924623482e+00 1.209070499613022820e+00 2.987269587834234241e-01
5.929648241206030512e+00 1.118568298872223199e+00 2.764307365853684861e-01
5.979899497487437543e+00 1.023384333876849128e+00 2.554743229483902311e-01
6.030150753768844574e+00 9.239224234749459086e-01 2.368637803735107739e-01
6.080402010050251604e+00 8.206470952577967770e-01 2.216010683783293245e-01
6.130653266331658635e+00 7.140734759999562975e-01 2.105042976497841778e-01
6.180904522613065666e+00 6.047469833575113141e-01 2.039806973835088244e-01
6.231155778894472697e+00 4.932011781084175706e-01 2.018688633937331944e-01
6.281407035175879727e+00 3.799055023724404734e-01 2.034427143040758168e-01
6.331658291457286758e+00 2.652389759431921235e-01 2.076026949146089762e-01
6.381909547738693789e+00 1.495057706793385677e-01 2.131602531414280577e-01
6.432160804020100819e+00 3.295656804243685123e-02 2.190630630561983538e-01
6.482412060301507850e+00 -8.419450790859395184e-02 2.245107076524728018e-01
6.532663316582914881e+00 -2.017573475246723369e-01 2.289858120168120348e-01
6.582914572864321912e+00 -3.195575354495301390e-01 2.322395580852044950e-01
6.633165829145728942e+00 -4.374312220662182060e-01 2.342574396398069692e-01
6.683417085427135973e+00 -5.552194967072288101e-01 2.352162527352811283e-01
6.733668341708543004e+00 -6.727594874292806004e-01 2.354344708316281065e-01
6.783919597989950034e+00 -7.898717361941218762e-01 2.353147300199713576e-01
6.834170854271357065e+00 -9.063437030049494858e-01 2.352780333189027073e-01
6.884422110552764096e+00 -1.021910649068458854e+00 2.356944319747018290e-01
6.934673366834171127e+00 -1.136250061373794029e+00 2.368285532762652301e-01
6.984924623115578157e+00 -1.248998975180886539e+00 2.388149446063335679e-01
7.035175879396985188e+00 -1.359773578190750953e+00 2.416561125225205886e-01
7.085427135678392219e+00 -1.468185298480291223e+00 2.452389494524875591e-01
7.135678391959799249e+00 -1.573853617423538909e+00 2.493645526629521270e-01
7.185929648241206280e+00 -1.676415887291011542e+00 2.537843196296512560e-01
7.236180904522613311e+00 -1.775534383771536495e+00 2.582355202549199702e-01
7.286432160804020342e+00 -1.870900776824212519e+00 2.624715832602992349e-01
7.336683417085427372e+00 -1.962238157783446457e+00 2.662847200837899497e-01
7.386934673366834403e+00 -2.049300674022720870e+00 2.695202702419507435e-01
7.437185929648241434e+00 -2.131870589779576441e+00 2.720832514103900257e-01
7.487437185929648464e+00 -2.209752546767596026e+00 2.739384075999196089e-01
7.537688442211055495e+00 -2.282764958587832016e+00 2.751050595332542037e-01
7.587939698492462526e+00 -2.350729095748170572e+00 2.756475298887458569e-01
7.638190954773869557e+00 -2.413458259326543232e+00 2.756617960991459837e-01
7.688442211055276587e+00 -2.470748838068720143e+00 2.752596556536419103e-01
7.738693467336683618e+00 -2.522373409645001896e+00 2.745521168263327927e-01
7.788944723618090649e+00 -2.568075818516330155e+00 2.736338244565577060e-01
7.839195979899497679e+00 -2.607568192221732417e+00 2.725703124653086618e-01
7.889447236180904710e+00 -2.640529889474266589e+00 2.713896508063299295e-01
7.939698492462311741e+00 -2.666608405128987780e+00 2.700795507709796150e-01
7.989949748743718771e+00 -2.685422289177866073e+00 2.685902448722699010e-01
8.040201005025124914e+00 -2.696566169751995368e+00 2.668426120380616995e-01
8.090452261306532833e+00 -2.699618003995096771e+00 2.647402728349768641e-01
8.140703517587938975e+00 -2.694148715948585515e+00 2.621838936614448445e-01
8.190954773869346894e+00 -2.679734417603442331e+00 2.590857746515151105e-01
8.241206030150753037e+00 -2.655971448387157263e+00 2.553829128752935773e-01
8.291457286432160956e+00 -2.622494509943820162e+00 2.510470386556760136e-01
8.341708542713567098e+00 -2.578998217529044013e+00 2.460905429411957834e-01
8.391959798994975017e+00 -2.525262437100180613e+00 2.405677349237170526e-01
8.442211055276381160e+00 -2.461181828684368078e+00 2.345715461281371594e-01
8.492462311557789079e+00 -2.386799986411936025e+00 2.282267548347547415e-01
8.542713567839195221e+00 -2.302341335569962233e+00 2.216861789051285947e-01
8.592964824120603140e+00 -2.208212667532180262e+00 2.151478528939461954e-01
8.643216080402009283e+00 -2.104983914795742095e+00 2.088812963479481644e-01
8.693467336683417201e+00 -1.993370683989654113e+00 2.032372248444208329e-01
8.743718592964823344e+00 -1.874220377826787187e+00 1.986274308371338837e-01
8.793969849246231263e+00 -1.748501500880460302e+00 1.954668783926647724e-01
8.844221105527637405e+00 -1.617291727561916970e+00 1.940847540253994308e-01
8.894472361809045324e+00 -1.481752135035722118e+00 1.946346816104093658e-01
8.944723618090451467e+00 -1.343093688018148990e+00 1.970262392327832013e-01
8.994974874371859386e+00 -1.202544988563991168e+00 2.008991143091567178e-01
9.045226130653265528e+00 -1.061327314032712410e+00 2.056797608817615419e-01
9.095477386934673447e+00 -9.206394456755406797e-01 2.107141026081883750e-01
9.145728643216079590e+00 -7.816443862297249856e-01 2.153996841074760082e-01
9.195979899497487509e+00 -6.454554987081976281e-01 2.192848805880942553e-01
9.246231155778893651e+00 -5.131216591819477424e-01 2.221348858551157601e-01
9.296482412060301570e+00 -3.856110336544415484e-01 2.239731632796686522e-01
9.346733668341707713e+00 -2.637930738545141707e-01 2.251047001522678559e-01
9.396984924623115631e+00 -1.484183068877963363e-01 2.261189827232796545e-01
9.447236180904521774e+00 -4.009546901995553192e-02 2.278599612830535248e-01
9.497487437185929693e+00 6.073449579287681921e-02 2.313428213762206975e-01
9.547738693467335835e+00 1.538280852954992950e-01 2.376037148817422562e-01
9.597989949748743754e+00 2.391696995608603715e-01 2.475011533202857716e-01
9.648241206030149897e+00 3.169657989979772217e-01 2.615521606127466092e-01
9.698492462311557816e+00 3.875817823138855700e-01 2.798788551448604944e-01
9.748743718592963958e+00 4.514681894147661856e-01 3.022470490304668411e-01
9.798994974874371877e+00 5.090911190262661368e-01 3.281563088248045101e-01
9.849246231155778020e+00 5.608905447499807906e-01 3.569512404953665285e-01
9.899497487437185939e+00 6.072755555722676446e-01 3.879275946196519831e-01
9.949748743718592081e+00 6.486268118453650811e-01 4.204033931283770453e-01
1.000000000000000000e+01 6.852988415927067090e-01 4.537562862630529215e-01
