0.000000000000000000e+00 7.635759530488547275e-01 3.988174746228060341e-01
5.025125628140703765e-02 7.682361188770179261e-01 3.743209912240225146e-01
1.005025125628140753e-01 7.709262089345340074e-01 3.510995503070777901e-01
1.507537688442210921e-01 7.715592221474208978e-01 3.292261243360703471e-01
2.010050251256281506e-01 7.700542690420029146e-01 3.087707883044719659e-01
2.512562814070351536e-01 7.663371727426416813e-01 2.897993361292167669e-01
3.015075376884421843e-01 7.603410422078606956e-01 2.723712372501464474e-01
3.517587939698492705e-01 7.520068128305714694e-01 2.565368110171638016e-01
4.020100502512563012e-01 7.412837497112431118e-01 2.423335880401635001e-01
4.522613065326633319e-01 7.281299091469752849e-01 2.297819985388527275e-01
5.025125628140703071e-01 7.125125541628603010e-01 2.188807745169069063e-01
5.527638190954773378e-01 6.944085202434289172e-01 2.096027284959814663e-01
6.030150753768843686e-01 6.738045277980827530e-01 2.018917768256092149e-01
6.532663316582915103e-01 6.506974383126721273e-01 1.956620822613575894e-01
7.035175879396985410e-01 6.250944515956998737e-01 1.907999098135848837e-01
7.537688442211055717e-01 5.970132420179018462e-01 1.871682509750498824e-01
8.040201005025126024e-01 5.664820321633030620e-01 1.846136453940150912e-01
8.542713567839196331e-01 5.335396028529959533e-01 1.829741545944068293e-01
9.045226130653266639e-01 4.982352390645905515e-01 1.820872922262077032e-01
9.547738693467336946e-01 4.606286118437207255e-01 1.817969038908652246e-01
1.005025125628140614e+00 4.207895968840815737e-01 1.819583880390728825e-01
1.055276381909547645e+00 3.787980310316435562e-01 1.824420809536071442e-01
1.105527638190954676e+00 3.347434085411785110e-01 1.831349617257696238e-01
1.155778894472361706e+00 2.887245194721326236e-01 1.839410177752235642e-01
1.206030150753768737e+00 2.408490331496656867e-01 1.847806640199959327e-01
1.256281407035175990e+00 1.912330301288323042e-01 1.855895749647201165e-01
1.306532663316583021e+00 1.400004865795362319e-01 1.863172146820427366e-01
1.356783919597990051e+00 8.728271545073701398e-02 1.869252675014355103e-01
1.407035175879397082e+00 3.321776916907581007e-02 1.873860998221368590e-01
1.457286432160804113e+00 -2.205019102549597709e-02 1.876813273671718851e-01
1.507537688442211143e+00 -7.837155371087238531e-02 1.878005225391085886e-01
1.557788944723618174e+00 -1.355919382488837144e-01 1.877400706550756138e-01
1.608040201005025205e+00 -1.935528922798175344e-01 1.875021683649643056e-01
1.658291457286432236e+00 -2.520925998282804725e-01 1.870939494403194847e-01
1.708542713567839266e+00 -3.110465940582207156e-01 1.865267199663788178e-01
1.758793969849246297e+00 -3.702484687368337024e-01 1.858152850398123723e-01
1.809045226130653328e+00 -4.295305825561325785e-01 1.849773511724154273e-01
1.859296482412060358e+00 -4.887247506166702005e-01 1.840329919146081461e-01
1.909547738693467389e+00 -5.476629175989943255e-01 1.830041681789078001e-01
1.959798994974874420e+00 -6.061778074327217603e-01 1.819142989419125500e-01
2.010050251256281229e+00 -6.641035446177071533e-01 1.807878820764614869e-01
2.060301507537688259e+00 -7.212762427530046150e-01 1.796501686715375190e-01
2.110552763819095290e+00 -7.775345562825372037e-01 1.785268969844251430e-01
2.160804020100502321e+00 -8.327201919667153174e-01 1.774440937748975600e-01
2.211055276381909351e+00 -8.866783771306390172e-01 1.764279508421636167e-01
2.261306532663316382e+00 -9.392582823158601713e-01 1.755047828181620639e-01
2.311557788944723413e+00 -9.903133965667239025e-01 1.747010684646963519e-01
2.361809045226130443e+00 -1.039701854207488729e+00 1.740435718410349164e-01
2.412060301507537474e+00 -1.087286712604021988e+00 1.735595319436077366e-01
2.462311557788944505e+00 -1.132936181047174973e+00 1.732769002411828907e-01
2.512562814070351980e+00 -1.176523801535122482e+00 1.732245957248089996e-01
2.562814070351759010e+00 -1.217928582861114384e+00 1.734327377734609099e-01
2.613065326633166041e+00 -1.257035090023536306e+00 1.739328097100962534e-01
2.663316582914573072e+00 -1.293733491558377136e+00 1.747577019951541688e-01
2.713567839195980103e+00 -1.327919567943192547e+00 1.759415852051940676e-01
2.763819095477387133e+00 -1.359494684728462577e+00 1.775195706392131145e-01
2.814070351758794164e+00 -1.388365734510597083e+00 1.795271312934719754e-01
2.864321608040201195e+00 -1.414445052263819669e+00 1.819992776590313999e-01
2.914572864321608225e+00 -1.437650308890441320e+00 1.849695094784058191e-01
2.964824120603015256e+00 -1.457904388125312867e+00 1.884685928581657788e-01
3.015075376884422287e+00 -1.475135252136349884e+00 1.925232374133581115e-01
3.065326633165829318e+00 -1.489275801295274926e+00 1.971547655858152392e-01
3.115577889447236348e+00 -1.500263733648813602e+00 2.023778720870976211e-01
3.165829145728643379e+00 -1.508041409598514404e+00 2.081995639229743678e-01
3.216080402010050410e+00 -1.512555727196478683e+00 2.146183518855415140e-01
3.266331658291457440e+00 -1.513758013285078308e+00 2.216237366231144090e-01
3.316582914572864471e+00 -1.511603935451902858e+00 2.291960018535190435e-01
3.366834170854271502e+00 -1.506053439439354991e+00 2.373062994310963791e-01
3.417085427135678533e+00 -1.497070716244491839e+00 2.459169899007162818e-01
3.467336683417085563e+00 -1.484624202672897519e+00 2.549821898211173665e-01
3.517587939698492594e+00 -1.468686618575826275e+00 2.644484733230203499e-01
3.567839195979899625e+00 -1.449235043408105605e+00 2.742556783474062732e-01
3.618090452261306655e+00 -1.426251034102304249e+00 2.843377753345431858e-01
3.668341708542713686e+00 -1.399720785569791293e+00 2.946237653865235173e-01
3.718592964824120717e+00 -1.369635334419328387e+00 3.050385841957983235e-01
3.768844221105527748e+00 -1.335990805737738540e+00 3.155039960986289471e-01
3.819095477386934778e+00 -1.298788702013830676e+00 3.259394688986096966e-01
3.869346733668341809e+00 -1.258036232515676200e+00 3.362630245213339419e-01
3.919597989949748840e+00 -1.213746680662036059e+00 3.463920633145536887e-01
3.969849246231155870e+00 -1.165939806171449433e+00 3.562441612456366258e-01
4.020100502512562457e+00 -1.114642278036802381e+00 3.657378397443296625e-01
4.070351758793969488e+00 -1.059888133668685839e+00 3.747933078299280352e-01
4.120603015075376518e+00 -1.001719258887854291e+00 3.833331757185186595e-01
4.170854271356783549e+00 -9.401858828337203988e-01 3.912831385271920981e-01
4.221105527638190580e+00 -8.753470813019759156e-01 3.985726281136809934e-01
4.271356783919597611e+00 -8.072712815374214479e-01 4.051354305966025082e-01
4.321608040201004641e+00 -7.360367610960172335e-01 4.109102667405962750e-01
4.371859296482411672e+00 -6.617321330595893336e-01 4.158413321830449760e-01
4.422110552763818703e+00 -5.844568096433842008e-01 4.198787944293401742e-01
4.472361809045225733e+00 -5.043214360857448675e-01 4.229792436456205063e-01
4.522613065326632764e+00 -4.214482866547140105e-01 4.251060945205758501e-01
4.572864321608039795e+00 -3.359716146505911105e-01 4.262299368377057696e-01
4.623115577889446826e+00 -2.480379484287320579e-01 4.263288328825763918e-01
4.673366834170853856e+00 -1.578063257131416819e-01 4.253885603932388015e-01
4.723618090452260887e+00 -6.544845881819405520e-02 4.234028004346652163e-01
4.773869346733667918e+00 2.885117615896692911e-02 4.203732703301479301e-01
4.824120603015074948e+00 1.248953325721213758e-01 4.163098026058579815e-01
4.874371859296481979e+00 2.224740746510383005e-01 4.112303717926363289e-01
4.924623115577889010e+00 3.213649521661032793e-01 4.051610718748390738e-01
4.974874371859296041e+00 4.213332725848992766e-01 3.981360481725864653e-01
5.025125628140703959e+00 5.221324741061028618e-01 3.901973884799656567e-01
5.075376884422110990e+00 6.235046020265428979e-01 3.813949793394041388e-01
5.125628140703518021e+00 7.251808899147373921e-01 3.717863343787460861e-01
5.175879396984925052e+00 8.268824460390886699e-01 3.614364026150230225e-01
5.226130653266332082e+00 9.283210444416827301e-01 3.504173654369327484e-01
5.276381909547739113e+00 1.029200018971588193e+00 3.388084314467758040e-01
5.326633165829146144e+00 1.129215257505549630e+00 3.266956381903602380e-01
5.376884422110553174e+00 1.228056292502023972e+00 3.141716685742355630e-01
5.427135678391960205e+00 1.325407482968239847e+00 3.013356867447843368e-01
5.477386934673367236e+00 1.420949281882053938e+00 2.882931922823345205e-01
5.527638190954774267e+00 1.514359582112223102e+00 2.751558811227456380e-01
5.577889447236181297e+00 1.605315132935041689e+00 2.620414843931369586e-01
5.628140703517588328e+00 1.693493018361827751e+00 2.490735294318445203e-01
5.678391959798995359e+00 1.778572187682774697e+00 2.363809274731707433e-01
5.728643216080402389e+00 1.860235027906592009e+00 2.240972375246225723e-01
5.778894472361809420e+00 1.938168967142047450e+00 2.123593871181942705e-01
5.829145728643216451e+00 2.012068097434474012e+00 2.013055576483661901e-01
5.879396984924623482e+00 2.081634805144831901e+00 1.910718904639358839e-01
5.929648241206030512e+00 2.146581396646069173e+00 1.817876881284311297e-01
5.979899497487437543e+00 2.206631706916423852e+00 1.735689432753182160e-01
6.030150753768844574e+00 2.261522678534690911e+00 1.665103928502990327e-01
6.080402010050251604e+00 2.311005898629891142e+00 1.606768743744703687e-01
6.130653266331658635e+00 2.354849081508167075e+00 1.560954185577508313e-01
6.180904522613065666e+00 2.392837484971399586e+00 1.527499434682552948e-01
6.231155778894472697e+00 2.424775248752796930e+00 1.505802584670998256e-01
6.281407035175879727e+00 2.450486644021008242e+00 1.494861904601760827e-01
6.331658291457286758e+00 2.469817223540287543e+00 1.493362888544023936e-01
6.381909547738693789e+00 2.482634862814465659e+00 1.499793620343712053e-01
6.432160804020100819e+00 2.488830683378301156e+00 1.512565907723778247e-01
6.482412060301507850e+00 2.488319850323674753e+00 1.530122663452713472e-01
6.532663316582914881e+00 2.481042237149135410e+00 1.551019996536920909e-01
6.582914572864321912e+00 2.466962952090419492e+00 1.573980973076891110e-01
6.633165829145728942e+00 2.446072721214036516e+00 1.597924035277345778e-01
6.683417085427135973e+00 2.418388124725379118e+00 1.621971892781466640e-01
6.733668341708543004e+00 2.383951684143669425e+00 1.645447055780413503e-01
6.783919597989950034e+00 2.342831799216729571e+00 1.667859201150573012e-01
6.834170854271357065e+00 2.295122534675748671e+00 1.688888158823588226e-01
6.884422110552764096e+00 2.240943258151466999e+00 1.708364990459969868e-01
6.934673366834171127e+00 2.180438131776265553e+00 1.726252608684166745e-01
6.984924623115578157e+00 2.113775461168618364e+00 1.742626676803513408e-01
7.035175879396985188e+00 2.041146906626518653e+00 1.757657085278187259e-01
7.085427135678392219e+00 1.962766562432703310e+00 1.771590054634656908e-01
7.135678391959799249e+00 1.878869911187190489e+00 1.784730805536300369e-01
7.185929648241206280e+00 1.789712661021816587e+00 1.797426720398554445e-01
7.236180904522613311e+00 1.695569474408596733e+00 1.810050965079540997e-01
7.286432160804020342e+00 1.596732598041489037e+00 1.822986619960507426e-01
7.336683417085427372e+00 1.493510403942837073e+00 1.836611467530421538e-01
7.386934673366834403e+00 1.386225852516266066e+00 1.851283680152012723e-01
7.437185929648241434e+00 1.275214888733157803e+00 1.867328729284603583e-01
7.487437185929648464e+00 1.160824782996991100e+00 1.885027879882609780e-01
7.537688442211055495e+00 1.043412428477586307e+00 1.904608628864143671e-01
7.587939698492462526e+00 9.233426068451118240e-01 1.926237389385684895e-01
7.638190954773869557e+00 8.009862343626372727e-01 1.950014617384454585e-01
7.688442211055276587e+00 6.767186002181908577e-01 1.975972437180080754e-01
7.738693467336683618e+00 5.509176087959213319e-01 2.004074669786770069e-01
7.788944723618090649e+00 4.239620373053671898e-01 2.034219024693996736e-01
7.839195979899497679e+00 2.962298198135631111e-01 2.066241104446670807e-01
7.889447236180904710e+00 1.680963682624079247e-01 2.099919805669536732e-01
7.939698492462311741e+00 3.993294051134554934e-02 2.134983685213704130e-01
7.989949748743718771e+00 -8.789493517061730543e-02 2.171117891779326958e-01
8.040201005025124914e+00 -2.150289704195018636e-01 2.207971330907307350e-01
8.090452261306532833e+00 -3.411195538899600699e-01 2.245163820570912350e-01
8.140703517587938975e+00 -4.658271079432210193e-01 2.282293091726526335e-01
8.190954773869346894e+00 -5.888233585055107078e-01 2.318941581576057787e-01
8.241206030150753037e+00 -7.097925125416049141e-01 2.354683049176862775e-01
8.291457286432160956e+00 -8.284323384561269599e-01 2.389089109503365060e-01
8.341708542713567098e+00 -9.444551456119514299e-01 2.421735832507077024e-01
8.391959798994975017e+00 -1.057588660033179639e+00 2.452210589848968503e-01
8.442211055276381160e+00 -1.167576794229480353e+00 2.480119356833224153e-01
8.492462311557789079e+00 -1.274180309932153143e+00 2.505094694128758293e-01
8.542713567839195221e+00 -1.377177373361489821e+00 2.526804646325246928e-01
8.592964824120603140e+00 -1.476364003443348949e+00 2.544962804557338032e-01
8.643216080402009283e+00 -1.571554414153420787e+00 2.559339789205962168e-01
8.693467336683417201e+00 -1.662581252885246608e+00 2.569776414733823122e-01
8.743718592964823344e+00 -1.749295737406845408e+00 2.576198797501530469e-01
8.793969849246231263e+00 -1.831567694587593387e+00 2.578635649676712105e-01
8.844221105527637405e+00 -1.909285504637246111e+00 2.577237951875645527e-01
8.894472361809045324e+00 -1.982355955101016143e+00 2.572301087916483708e-01
8.944723618090451467e+00 -2.050704009295728714e+00 2.564289317817026737e-01
8.994974874371859386e+00 -2.114272494251850709e+00 2.553862105157082008e-01
9.045226130653265528e+00 -2.173021713543693778e+00 2.541901233028638352e-01
9.095477386934673447e+00 -2.226928990646068307e+00 2.529536766451326857e-01
9.145728643216079590e+00 -2.275988148650879950e+00 2.518168702393917546e-01
9.195979899497487509e+00 -2.320208932313539751e+00 2.509479633445759750e-01
9.246231155778893651e+00 -2.359616378478144760e+00 2.505432166651761494e-01
9.296482412060301570e+00 -2.394250140955981543e+00 2.508243717679018436e-01
9.346733668341707713e+00 -2.424163775905673557e+00 2.520331535253441113e-01
9.396984924623115631e+00 -2.449423993690289514e+00 2.544223496586438538e-01
9.447236180904521774e+00 -2.470109883069301571e+00 2.582436106679841248e-01
9.497487437185929693e+00 -2.486312113426782933e+00 2.637329759155392916e-01
9.547738693467335835e+00 -2.498132120544662715e+00 2.710960251813694932e-01
9.597989949748743754e+00 -2.505681281206669553e+00 2.804950815364569139e-01
9.648241206030149897e+00 -2.509080081668118467e+00 2.920406980667853425e-01
9.698492462311557816e+00 -2.508457284754206373e+00 3.057887033020826317e-01
9.748743718592963958e+00 -2.503949100058413535e+00 3.217427195106171700e-01
9.798994974874371877e+00 -2.495698361407910237e+00 3.398608729940357787e-01
9.849246231155778020e+00 -2.483853715447858601e+00 3.600648122520710426e-01
9.899497487437185939e+00 -2.468568824875419843e+00 3.822492097232407793e-01
9.949748743718592081e+00 -2.450001589530551360e+00 4.062904201416727146e-01
1.000000000000000000e+01 -2.428313388227454350e+00 4.320535910916850630e-01
